0.000000	0.000000	0.000000
0.020000	0.006300	0.061803
0.040000	0.003640	0.035708
0.060000	0.000990	0.009712
0.080000	0.004280	0.041987
0.100000	0.007580	0.074360
0.120000	0.010870	0.106635
0.140000	0.006820	0.066904
0.160000	0.002770	0.027174
0.180000	-0.001280	-0.012557
0.200000	0.003680	0.036101
0.220000	0.008640	0.084758
0.240000	0.013600	0.133416
0.260000	0.007270	0.071319
0.280000	0.000940	0.009221
0.300000	0.004200	0.041202
0.320000	0.002210	0.021680
0.340000	0.000210	0.002060
0.360000	0.004440	0.043556
0.380000	0.008670	0.085053
0.400000	0.012900	0.126549
0.420000	0.017130	0.168045
0.440000	-0.003430	-0.033648
0.460000	-0.024000	-0.235440
0.480000	-0.009920	-0.097315
0.500000	0.004160	0.040810
0.520000	0.005280	0.051797
0.540000	0.016530	0.162159
0.560000	0.027790	0.272620
0.580000	0.039040	0.382982
0.600000	0.024490	0.240247
0.620000	0.009950	0.097610
0.640000	0.009610	0.094274
0.660000	0.009260	0.090841
0.680000	0.008920	0.087505
0.700000	-0.004860	-0.047677
0.720000	-0.018640	-0.182858
0.740000	-0.032420	-0.318040
0.760000	-0.033650	-0.330107
0.780000	-0.057230	-0.561426
0.800000	-0.045340	-0.444785
0.820000	-0.033460	-0.328243
0.840000	-0.032010	-0.314018
0.860000	-0.030560	-0.299794
0.880000	-0.029110	-0.285569
0.900000	-0.027660	-0.271345
0.920000	-0.041160	-0.403780
0.940000	-0.054660	-0.536215
0.960000	-0.068160	-0.668650
0.980000	-0.081660	-0.801085
1.000000	-0.068460	-0.671593
1.020000	-0.055270	-0.542199
1.040000	-0.042080	-0.412805
1.060000	-0.042590	-0.417808
1.080000	-0.043110	-0.422909
1.100000	-0.024280	-0.238187
1.120000	-0.005450	-0.053465
1.140000	0.013380	0.131258
1.160000	0.032210	0.315980
1.180000	0.051040	0.500702
1.200000	0.069870	0.685425
1.220000	0.088700	0.870147
1.240000	0.045240	0.443804
1.260000	0.001790	0.017560
1.280000	-0.041670	-0.408783
1.300000	-0.085130	-0.835125
1.320000	-0.128580	-1.261370
1.340000	-0.172040	-1.687712
1.360000	-0.129080	-1.266275
1.380000	-0.086130	-0.844935
1.400000	-0.089020	-0.873286
1.420000	-0.091920	-0.901735
1.440000	-0.094820	-0.930184
1.460000	-0.093240	-0.914684
1.480000	-0.091660	-0.899185
1.500000	-0.094780	-0.929792
1.520000	-0.097890	-0.960301
1.540000	-0.129020	-1.265686
1.560000	-0.076520	-0.750661
1.580000	-0.024010	-0.235538
1.600000	0.028490	0.279487
1.620000	0.080990	0.794512
1.640000	0.133500	1.309635
1.660000	0.186000	1.824660
1.680000	0.238500	2.339685
1.700000	0.219930	2.157513
1.720000	0.201350	1.975244
1.740000	0.182770	1.792974
1.760000	0.164200	1.610802
1.780000	0.145620	1.428532
1.800000	0.161430	1.583628
1.820000	0.177250	1.738822
1.840000	0.132150	1.296391
1.860000	0.087050	0.853961
1.880000	0.041960	0.411628
1.900000	-0.003140	-0.030803
1.920000	-0.048240	-0.473234
1.940000	-0.093340	-0.915665
1.960000	-0.138430	-1.357998
1.980000	-0.183530	-1.800429
2.000000	-0.228630	-2.242860
2.020000	-0.273720	-2.685193
2.040000	-0.318820	-3.127624
2.060000	-0.250240	-2.454854
2.080000	-0.181660	-1.782085
2.100000	-0.113090	-1.109413
2.120000	-0.044510	-0.436643
2.140000	0.024070	0.236127
2.160000	0.092650	0.908896
2.180000	0.161230	1.581666
2.200000	0.229810	2.254436
2.220000	0.298390	2.927206
2.240000	0.231970	2.275626
2.260000	0.165540	1.623947
2.280000	0.099120	0.972367
2.300000	0.032700	0.320787
2.320000	-0.033720	-0.330793
2.340000	-0.100140	-0.982373
2.360000	-0.166560	-1.633954
2.380000	-0.232990	-2.285632
2.400000	-0.299410	-2.937212
2.420000	-0.004210	-0.041300
2.440000	0.290990	2.854612
2.460000	0.223800	2.195478
2.480000	0.156620	1.536442
2.500000	0.089430	0.877308
2.520000	0.022240	0.218174
2.540000	-0.044950	-0.440960
2.560000	0.018340	0.179915
2.580000	0.081630	0.800790
2.600000	0.144910	1.421567
2.620000	0.208200	2.042442
2.640000	0.189730	1.861251
2.660000	0.171250	1.679963
2.680000	0.137590	1.349758
2.700000	0.103930	1.019553
2.720000	0.070270	0.689349
2.740000	0.036610	0.359144
2.760000	0.002950	0.028939
2.780000	-0.030710	-0.301265
2.800000	-0.005610	-0.055034
2.820000	0.019480	0.191099
2.840000	0.044580	0.437330
2.860000	0.064680	0.634511
2.880000	0.084780	0.831692
2.900000	0.104870	1.028775
2.920000	0.058950	0.578300
2.940000	0.013030	0.127824
2.960000	-0.032890	-0.322651
2.980000	-0.078820	-0.773224
3.000000	-0.035560	-0.348844
3.020000	0.007710	0.075635
3.040000	0.050970	0.500016
3.060000	0.010130	0.099375
3.080000	-0.030710	-0.301265
3.100000	-0.071560	-0.702004
3.120000	-0.112400	-1.102644
3.140000	-0.153240	-1.503284
3.160000	-0.113140	-1.109903
3.180000	-0.073040	-0.716522
3.200000	-0.032940	-0.323141
3.220000	0.007150	0.070142
3.240000	-0.063500	-0.622935
3.260000	-0.134150	-1.316011
3.280000	-0.204800	-2.009088
3.300000	-0.124820	-1.224484
3.320000	-0.044850	-0.439979
3.340000	0.035130	0.344625
3.360000	0.115100	1.129131
3.380000	0.195080	1.913735
3.400000	0.123010	1.206728
3.420000	0.050940	0.499721
3.440000	-0.021130	-0.207285
3.460000	-0.093200	-0.914292
3.480000	-0.026630	-0.261240
3.500000	0.039950	0.391910
3.520000	0.106530	1.045059
3.540000	0.173110	1.698209
3.560000	0.112830	1.106862
3.580000	0.052550	0.515516
3.600000	-0.007720	-0.075733
3.620000	0.010640	0.104378
3.640000	0.029000	0.284490
3.660000	0.047370	0.464700
3.680000	0.065730	0.644811
3.700000	0.020210	0.198260
3.720000	-0.025300	-0.248193
3.740000	-0.070810	-0.694646
3.760000	-0.041070	-0.402897
3.780000	-0.011330	-0.111147
3.800000	0.002880	0.028253
3.820000	0.017090	0.167653
3.840000	0.031310	0.307151
3.860000	-0.022780	-0.223472
3.880000	-0.076860	-0.753997
3.900000	-0.130950	-1.284620
3.920000	-0.185040	-1.815242
3.940000	-0.143470	-1.407441
3.960000	-0.101900	-0.999639
3.980000	-0.060340	-0.591935
4.000000	-0.018770	-0.184134
4.020000	0.022800	0.223668
4.040000	-0.009960	-0.097708
4.060000	-0.042720	-0.419083
4.080000	-0.021470	-0.210621
4.100000	-0.000210	-0.002060
4.120000	0.021040	0.206402
4.140000	-0.014590	-0.143128
4.160000	-0.050220	-0.492658
4.180000	-0.085850	-0.842189
4.200000	-0.121480	-1.191719
4.220000	-0.157110	-1.541249
4.240000	-0.192740	-1.890779
4.260000	-0.228370	-2.240310
4.280000	-0.181450	-1.780025
4.300000	-0.134530	-1.319739
4.320000	-0.087610	-0.859454
4.340000	-0.040690	-0.399169
4.360000	0.006230	0.061116
4.380000	0.053160	0.521500
4.400000	0.100080	0.981785
4.420000	0.147000	1.442070
4.440000	0.097540	0.956867
4.460000	0.048080	0.471665
4.480000	-0.001380	-0.013538
4.500000	0.051410	0.504332
4.520000	0.104200	1.022202
4.540000	0.156990	1.540072
4.560000	0.209790	2.058040
4.580000	0.262580	2.575910
4.600000	0.169960	1.667308
4.620000	0.077340	0.758705
4.640000	-0.015270	-0.149799
4.660000	-0.107890	-1.058401
4.680000	-0.200510	-1.967003
4.700000	-0.067860	-0.665707
4.720000	0.064790	0.635590
4.740000	0.016710	0.163925
4.760000	-0.031370	-0.307740
4.780000	-0.079450	-0.779405
4.800000	-0.127530	-1.251069
4.820000	-0.175610	-1.722734
4.840000	-0.223690	-2.194399
4.860000	-0.271770	-2.666064
4.880000	-0.158510	-1.554983
4.900000	-0.045250	-0.443903
4.920000	0.068020	0.667276
4.940000	0.181280	1.778357
4.960000	0.144640	1.418918
4.980000	0.108000	1.059480
5.000000	0.071370	0.700140
5.020000	0.034730	0.340701
5.040000	0.096660	0.948235
5.060000	0.158600	1.555866
5.080000	0.220530	2.163399
5.100000	0.182960	1.794838
5.120000	0.145380	1.426178
5.140000	0.107800	1.057518
5.160000	0.070230	0.688956
5.180000	0.032650	0.320296
5.200000	0.066490	0.652267
5.220000	0.100330	0.984237
5.240000	0.134170	1.316208
5.260000	0.103370	1.014060
5.280000	0.072570	0.711912
5.300000	0.041770	0.409764
5.320000	0.010970	0.107616
5.340000	-0.019830	-0.194532
5.360000	0.044380	0.435368
5.380000	0.108600	1.065366
5.400000	0.172810	1.695266
5.420000	0.104160	1.021810
5.440000	0.035510	0.348353
5.460000	-0.033150	-0.325202
5.480000	-0.101800	-0.998658
5.500000	-0.072620	-0.712402
5.520000	-0.043440	-0.426146
5.540000	-0.014260	-0.139891
5.560000	0.014920	0.146365
5.580000	-0.020250	-0.198653
5.600000	-0.055430	-0.543768
5.620000	-0.090600	-0.888786
5.640000	-0.125780	-1.233902
5.660000	-0.160950	-1.578920
5.680000	-0.196130	-1.924035
5.700000	-0.147840	-1.450310
5.720000	-0.099550	-0.976585
5.740000	-0.051270	-0.502959
5.760000	-0.002980	-0.029234
5.780000	-0.019520	-0.191491
5.800000	-0.036050	-0.353650
5.820000	-0.052590	-0.515908
5.840000	-0.041820	-0.410254
5.860000	-0.031060	-0.304699
5.880000	-0.029030	-0.284784
5.900000	-0.026990	-0.264772
5.920000	0.025150	0.246722
5.940000	0.017700	0.173637
5.960000	0.022130	0.217095
5.980000	0.026560	0.260554
6.000000	0.004190	0.041104
6.020000	-0.018190	-0.178444
6.040000	-0.040570	-0.397992
6.060000	-0.062940	-0.617441
6.080000	-0.024170	-0.237108
6.100000	0.014600	0.143226
6.120000	0.053370	0.523560
6.140000	0.024280	0.238187
6.160000	-0.004800	-0.047088
6.180000	-0.033890	-0.332461
6.200000	-0.005570	-0.054642
6.220000	0.022740	0.223079
6.240000	0.006790	0.066610
6.260000	-0.009150	-0.089762
6.280000	-0.025090	-0.246133
6.300000	-0.041030	-0.402504
6.320000	-0.056980	-0.558974
6.340000	-0.018260	-0.179131
6.360000	0.020460	0.200713
6.380000	0.004540	0.044537
6.400000	-0.011380	-0.111638
6.420000	-0.002150	-0.021092
6.440000	0.007080	0.069455
6.460000	0.004960	0.048658
6.480000	0.002850	0.027959
6.500000	0.000740	0.007259
6.520000	-0.005340	-0.052385
6.540000	-0.011410	-0.111932
6.560000	0.003610	0.035414
6.580000	0.018630	0.182760
6.600000	0.033650	0.330107
6.620000	0.048670	0.477453
6.640000	0.030400	0.298224
6.660000	0.012130	0.118995
6.680000	-0.006140	-0.060233
6.700000	-0.024410	-0.239462
6.720000	0.013750	0.134888
6.740000	0.010990	0.107812
6.760000	0.008230	0.080736
6.780000	0.005470	0.053661
6.800000	0.008120	0.079657
6.820000	0.010770	0.105654
6.840000	-0.006920	-0.067885
6.860000	-0.024610	-0.241424
6.880000	-0.042300	-0.414963
6.900000	-0.059990	-0.588502
6.920000	-0.077680	-0.762041
6.940000	-0.095380	-0.935678
6.960000	-0.062090	-0.609103
6.980000	-0.028800	-0.282528
7.000000	0.004480	0.043949
7.020000	0.037770	0.370524
7.040000	0.017730	0.173931
7.060000	-0.002310	-0.022661
7.080000	-0.022350	-0.219253
7.100000	0.017910	0.175697
7.120000	0.058160	0.570550
7.140000	0.037380	0.366698
7.160000	0.016600	0.162846
7.180000	-0.004180	-0.041006
7.200000	-0.024960	-0.244858
7.220000	-0.045740	-0.448709
7.240000	-0.020710	-0.203165
7.260000	0.004320	0.042379
7.280000	0.029350	0.287923
7.300000	0.015260	0.149701
7.320000	0.018060	0.177169
7.340000	0.020860	0.204637
7.360000	0.007930	0.077793
7.380000	-0.005010	-0.049148
7.400000	-0.017950	-0.176090
7.420000	-0.030890	-0.303031
7.440000	-0.018410	-0.180602
7.460000	-0.005930	-0.058173
7.480000	0.006550	0.064256
7.500000	-0.025190	-0.247114
7.520000	-0.056930	-0.558483
7.540000	-0.040450	-0.396815
7.560000	-0.023980	-0.235244
7.580000	-0.007500	-0.073575
7.600000	0.008970	0.087996
7.620000	0.003840	0.037670
7.640000	-0.001290	-0.012655
7.660000	-0.006420	-0.062980
7.680000	-0.011560	-0.113404
7.700000	-0.026190	-0.256924
7.720000	-0.040820	-0.400444
7.740000	-0.055450	-0.543965
7.760000	-0.043660	-0.428305
7.780000	-0.031880	-0.312743
7.800000	-0.069640	-0.683168
7.820000	-0.056340	-0.552695
7.840000	-0.043030	-0.422124
7.860000	-0.029720	-0.291553
7.880000	-0.016420	-0.161080
7.900000	-0.003110	-0.030509
7.920000	0.010200	0.100062
7.940000	0.023500	0.230535
7.960000	0.036810	0.361106
7.980000	0.050110	0.491579
8.000000	0.024360	0.238972
8.020000	-0.001390	-0.013636
8.040000	-0.027140	-0.266243
8.060000	-0.003090	-0.030313
8.080000	0.020960	0.205618
8.100000	0.045010	0.441548
8.120000	0.069060	0.677479
8.140000	0.057730	0.566331
8.160000	0.046400	0.455184
8.180000	0.035070	0.344037
8.200000	0.033570	0.329322
8.220000	0.032070	0.314607
8.240000	0.030570	0.299892
8.260000	0.032500	0.318825
8.280000	0.034440	0.337856
8.300000	0.036370	0.356790
8.320000	0.013480	0.132239
8.340000	-0.009420	-0.092410
8.360000	-0.032310	-0.316961
8.380000	-0.029970	-0.294006
8.400000	-0.030950	-0.303619
8.420000	-0.031920	-0.313135
8.440000	-0.025880	-0.253883
8.460000	-0.019840	-0.194630
8.480000	-0.013790	-0.135280
8.500000	-0.007750	-0.076027
8.520000	-0.014490	-0.142147
8.540000	-0.021230	-0.208266
8.560000	0.015230	0.149406
8.580000	0.051700	0.507177
8.600000	0.088160	0.864850
8.620000	0.124630	1.222620
8.640000	0.161090	1.580293
8.660000	0.129870	1.274025
8.680000	0.098640	0.967658
8.700000	0.067410	0.661292
8.720000	0.036180	0.354926
8.740000	0.004950	0.048560
8.760000	0.004200	0.041202
8.780000	0.003450	0.033844
8.800000	0.002690	0.026389
8.820000	-0.059220	-0.580948
8.840000	-0.121120	-1.188187
8.860000	-0.183030	-1.795524
8.880000	-0.120430	-1.181418
8.900000	-0.057820	-0.567214
8.920000	0.004790	0.046990
8.940000	0.067400	0.661194
8.960000	0.130010	1.275398
8.980000	0.083730	0.821391
9.000000	0.037450	0.367385
9.020000	0.069790	0.684640
9.040000	0.102130	1.001895
9.060000	-0.035170	-0.345018
9.080000	-0.172470	-1.691931
9.100000	-0.137630	-1.350150
9.120000	-0.102780	-1.008272
9.140000	-0.067940	-0.666491
9.160000	-0.033100	-0.324711
9.180000	-0.036470	-0.357771
9.200000	-0.039840	-0.390830
9.220000	-0.005170	-0.050718
9.240000	0.029500	0.289395
9.260000	0.064170	0.629508
9.280000	0.098830	0.969522
9.300000	0.133500	1.309635
9.320000	0.059240	0.581144
9.340000	-0.015030	-0.147444
9.360000	-0.089290	-0.875935
9.380000	-0.163550	-1.604426
9.400000	-0.060960	-0.598018
9.420000	0.041640	0.408488
9.440000	0.015510	0.152153
9.460000	-0.010610	-0.104084
9.480000	-0.036740	-0.360419
9.500000	-0.062870	-0.616755
9.520000	-0.088990	-0.872992
9.540000	-0.054300	-0.532683
9.560000	-0.019610	-0.192374
9.580000	0.015080	0.147935
9.600000	0.049770	0.488244
9.620000	0.084460	0.828553
9.640000	0.050230	0.492756
9.660000	0.016000	0.156960
9.680000	-0.018230	-0.178836
9.700000	-0.052460	-0.514633
9.720000	-0.086690	-0.850429
9.740000	-0.067690	-0.664039
9.760000	-0.048700	-0.477747
9.780000	-0.029700	-0.291357
9.800000	-0.010710	-0.105065
9.820000	0.008290	0.081325
9.840000	-0.003140	-0.030803
9.860000	0.029660	0.290965
9.880000	0.062460	0.612733
9.900000	-0.002340	-0.022955
9.920000	-0.067140	-0.658643
9.940000	-0.040510	-0.397403
9.960000	-0.013880	-0.136163
9.980000	0.012740	0.124979
10.000000	0.008050	0.078970
10.020000	0.030240	0.296654
10.040000	0.052430	0.514338
10.060000	0.023510	0.230633
10.080000	-0.005410	-0.053072
10.100000	-0.034320	-0.336679
10.120000	-0.063240	-0.620384
10.140000	-0.092150	-0.903992
10.160000	-0.121070	-1.187697
10.180000	-0.084500	-0.828945
10.200000	-0.047940	-0.470291
10.220000	-0.011370	-0.111540
10.240000	0.025200	0.247212
10.260000	0.061770	0.605964
10.280000	0.040280	0.395147
10.300000	0.018800	0.184428
10.320000	0.044560	0.437134
10.340000	0.070320	0.689839
10.360000	0.096080	0.942545
10.380000	0.121840	1.195250
10.400000	0.063500	0.622935
10.420000	0.005170	0.050718
10.440000	-0.053170	-0.521598
10.460000	-0.031240	-0.306464
10.480000	-0.009300	-0.091233
10.500000	0.012630	0.123900
10.520000	0.034570	0.339132
10.540000	0.032830	0.322062
10.560000	0.031090	0.304993
10.580000	0.029350	0.287923
10.600000	0.045110	0.442529
10.620000	0.060870	0.597135
10.640000	0.076630	0.751740
10.660000	0.092390	0.906346
10.680000	0.057420	0.563290
10.700000	0.022450	0.220235
10.720000	-0.012520	-0.122821
10.740000	0.006800	0.066708
10.760000	0.026110	0.256139
10.780000	0.045430	0.445668
10.800000	0.015710	0.154115
10.820000	-0.014020	-0.137536
10.840000	-0.043740	-0.429089
10.860000	-0.073470	-0.720741
10.880000	-0.039900	-0.391419
10.900000	-0.006330	-0.062097
10.920000	0.027240	0.267224
10.940000	0.060800	0.596448
10.960000	0.036690	0.359929
10.980000	0.012580	0.123410
11.000000	-0.011530	-0.113109
11.020000	-0.035640	-0.349628
11.040000	-0.006770	-0.066414
11.060000	0.022100	0.216801
11.080000	0.050980	0.500114
11.100000	0.079850	0.783329
11.120000	0.069150	0.678362
11.140000	0.058450	0.573395
11.160000	0.047750	0.468428
11.180000	0.037060	0.363559
11.200000	0.026360	0.258592
11.220000	0.058220	0.571138
11.240000	0.090090	0.883783
11.260000	0.121960	1.196428
11.280000	0.100690	0.987769
11.300000	0.079430	0.779208
11.320000	0.058160	0.570550
11.340000	0.036890	0.361891
11.360000	0.015630	0.153330
11.380000	-0.005640	-0.055328
11.400000	-0.026900	-0.263889
11.420000	-0.048170	-0.472548
11.440000	-0.069440	-0.681206
11.460000	-0.090700	-0.889767
11.480000	-0.111970	-1.098426
11.500000	-0.115210	-1.130210
11.520000	-0.118460	-1.162093
11.540000	-0.121700	-1.193877
11.560000	-0.124940	-1.225661
11.580000	-0.165000	-1.618650
11.600000	-0.205050	-2.011541
11.620000	-0.157130	-1.541445
11.640000	-0.109210	-1.071350
11.660000	-0.061290	-0.601255
11.680000	-0.013370	-0.131160
11.700000	0.034550	0.338936
11.720000	0.082470	0.809031
11.740000	0.075760	0.743206
11.760000	0.069060	0.677479
11.780000	0.062360	0.611752
11.800000	0.087350	0.856904
11.820000	0.112350	1.102154
11.840000	0.137340	1.347305
11.860000	0.121750	1.194368
11.880000	0.106160	1.041430
11.900000	0.090570	0.888492
11.920000	0.074980	0.735554
11.940000	0.080110	0.785879
11.960000	0.085240	0.836204
11.980000	0.090370	0.886530
12.000000	0.062080	0.609005
12.020000	0.033780	0.331382
12.040000	0.005490	0.053857
12.060000	-0.022810	-0.223766
12.080000	-0.054440	-0.534056
12.100000	-0.040300	-0.395343
12.120000	-0.026150	-0.256532
12.140000	-0.012010	-0.117818
12.160000	-0.020280	-0.198947
12.180000	-0.028550	-0.280075
12.200000	-0.062430	-0.612438
12.220000	-0.035240	-0.345704
12.240000	-0.008050	-0.078970
12.260000	-0.049480	-0.485399
12.280000	-0.036430	-0.357378
12.300000	-0.023370	-0.229260
12.320000	-0.033680	-0.330401
12.340000	-0.018790	-0.184330
12.360000	-0.003890	-0.038161
12.380000	0.011000	0.107910
12.400000	0.025890	0.253981
12.420000	0.014460	0.141853
12.440000	0.003030	0.029724
12.460000	-0.008400	-0.082404
12.480000	0.004630	0.045420
12.500000	0.017660	0.173245
12.520000	0.030690	0.301069
12.540000	0.043720	0.428893
12.560000	0.021650	0.212387
12.580000	-0.000420	-0.004120
12.600000	-0.022490	-0.220627
12.620000	-0.044560	-0.437134
12.640000	-0.036380	-0.356888
12.660000	-0.028190	-0.276544
12.680000	-0.020010	-0.196298
12.700000	-0.011820	-0.115954
12.720000	-0.024450	-0.239854
12.740000	-0.037070	-0.363657
12.760000	-0.049690	-0.487459
12.780000	-0.058820	-0.577024
12.800000	-0.067950	-0.666589
12.820000	-0.077070	-0.756057
12.840000	-0.086200	-0.845622
12.860000	-0.095330	-0.935187
12.880000	-0.062760	-0.615676
12.900000	-0.030180	-0.296066
12.920000	0.002390	0.023446
12.940000	0.034960	0.342958
12.960000	0.043990	0.431542
12.980000	0.053010	0.520028
13.000000	0.031760	0.311566
13.020000	0.010510	0.103103
13.040000	-0.010730	-0.105261
13.060000	-0.031980	-0.313724
13.080000	-0.053230	-0.522186
13.100000	0.001860	0.018247
13.120000	0.056960	0.558778
13.140000	0.019850	0.194728
13.160000	-0.017260	-0.169321
13.180000	-0.054380	-0.533468
13.200000	-0.012040	-0.118112
13.220000	0.030310	0.297341
13.240000	0.072650	0.712697
13.260000	0.114990	1.128052
13.280000	0.072370	0.709950
13.300000	0.029750	0.291847
13.320000	-0.012880	-0.126353
13.340000	0.012120	0.118897
13.360000	0.037110	0.364049
13.380000	0.035170	0.345018
13.400000	0.033230	0.325986
13.420000	0.018530	0.181779
13.440000	0.003830	0.037572
13.460000	0.003420	0.033550
13.480000	-0.021810	-0.213956
13.500000	-0.047040	-0.461462
13.520000	-0.072270	-0.708969
13.540000	-0.097500	-0.956475
13.560000	-0.122730	-1.203981
13.580000	-0.083170	-0.815898
13.600000	-0.043620	-0.427912
13.620000	-0.004070	-0.039927
13.640000	0.035490	0.348157
13.660000	0.075040	0.736142
13.680000	0.114600	1.124226
13.700000	0.077690	0.762139
13.720000	0.040780	0.400052
13.740000	0.003870	0.037965
13.760000	0.002840	0.027860
13.780000	0.001820	0.017854
13.800000	-0.055130	-0.540825
13.820000	0.047320	0.464209
13.840000	0.052230	0.512376
13.860000	0.057150	0.560642
13.880000	0.062060	0.608809
13.900000	0.066980	0.657074
13.920000	0.071890	0.705241
13.940000	0.027050	0.265360
13.960000	-0.017790	-0.174520
13.980000	-0.062630	-0.614400
14.000000	-0.107470	-1.054281
14.020000	-0.152320	-1.494259
14.040000	-0.125910	-1.235177
14.060000	-0.099500	-0.976095
14.080000	-0.073090	-0.717013
14.100000	-0.046680	-0.457931
14.120000	-0.020270	-0.198849
14.140000	0.006140	0.060233
14.160000	0.032550	0.319316
14.180000	0.008590	0.084268
14.200000	-0.015370	-0.150780
14.220000	-0.039320	-0.385729
14.240000	-0.063280	-0.620777
14.260000	-0.033220	-0.325888
14.280000	-0.003150	-0.030902
14.300000	0.026910	0.263987
14.320000	0.011960	0.117328
14.340000	-0.003000	-0.029430
14.360000	0.003350	0.032864
14.380000	0.009700	0.095157
14.400000	0.016050	0.157450
14.420000	0.022390	0.219646
14.440000	0.042150	0.413492
14.460000	0.061910	0.607337
14.480000	0.081670	0.801183
14.500000	0.034770	0.341094
14.520000	-0.012120	-0.118897
14.540000	-0.013090	-0.128413
14.560000	-0.014070	-0.138027
14.580000	-0.052740	-0.517379
14.600000	-0.025440	-0.249566
14.620000	0.001860	0.018247
14.640000	0.029160	0.286060
14.660000	0.056460	0.553873
14.680000	0.083760	0.821686
14.700000	0.017540	0.172067
14.720000	-0.048690	-0.477649
14.740000	-0.020740	-0.203459
14.760000	0.007220	0.070828
14.780000	0.035170	0.345018
14.800000	-0.005280	-0.051797
14.820000	-0.045720	-0.448513
14.840000	-0.086170	-0.845328
14.860000	-0.069600	-0.682776
14.880000	-0.053030	-0.520224
14.900000	-0.036460	-0.357673
14.920000	-0.019890	-0.195121
14.940000	-0.003320	-0.032569
14.960000	0.013250	0.129983
14.980000	0.029820	0.292534
15.000000	0.011010	0.108008
15.020000	-0.007810	-0.076616
15.040000	-0.026620	-0.261142
15.060000	-0.005630	-0.055230
15.080000	0.015360	0.150682
15.100000	0.036350	0.356594
15.120000	0.057340	0.562505
15.140000	0.031590	0.309898
15.160000	0.005840	0.057290
15.180000	-0.019920	-0.195415
15.200000	-0.002010	-0.019718
15.220000	0.015890	0.155881
15.240000	-0.010240	-0.100454
15.260000	-0.036360	-0.356692
15.280000	-0.062490	-0.613027
15.300000	-0.047800	-0.468918
15.320000	-0.033110	-0.324809
15.340000	-0.049410	-0.484712
15.360000	-0.065700	-0.644517
15.380000	-0.082000	-0.804420
15.400000	-0.049800	-0.488538
15.420000	-0.017600	-0.172656
15.440000	0.014600	0.143226
15.460000	0.046800	0.459108
15.480000	0.079000	0.774990
15.500000	0.047500	0.465975
15.520000	0.016000	0.156960
15.540000	-0.015500	-0.152055
15.560000	-0.001020	-0.010006
15.580000	0.013470	0.132141
15.600000	0.027950	0.274190
15.620000	0.042440	0.416336
15.640000	0.056920	0.558385
15.660000	0.037810	0.370916
15.680000	0.018700	0.183447
15.700000	-0.000410	-0.004022
15.720000	-0.019520	-0.191491
15.740000	-0.004270	-0.041889
15.760000	0.010980	0.107714
15.780000	0.026230	0.257316
15.800000	0.041480	0.406919
15.820000	0.018210	0.178640
15.840000	-0.005060	-0.049639
15.860000	-0.008740	-0.085739
15.880000	-0.037260	-0.365521
15.900000	-0.065790	-0.645400
15.920000	-0.026000	-0.255060
15.940000	0.013800	0.135378
15.960000	0.053590	0.525718
15.980000	0.093380	0.916058
16.000000	0.058830	0.577122
16.020000	0.024290	0.238285
16.040000	-0.010260	-0.100651
16.060000	-0.044800	-0.439488
16.080000	-0.010830	-0.106242
16.100000	-0.018690	-0.183349
16.120000	-0.026550	-0.260456
16.140000	-0.034410	-0.337562
16.160000	-0.025030	-0.245544
16.180000	-0.015640	-0.153428
16.200000	-0.006260	-0.061411
16.220000	-0.010090	-0.098983
16.240000	-0.013920	-0.136555
16.260000	0.014900	0.146169
16.280000	0.043720	0.428893
16.300000	0.034630	0.339720
16.320000	0.020980	0.205814
16.340000	0.007330	0.071907
16.360000	-0.006320	-0.061999
16.380000	-0.019970	-0.195906
16.400000	0.007670	0.075243
16.420000	0.035320	0.346489
16.440000	0.034090	0.334423
16.460000	0.032870	0.322455
16.480000	0.031640	0.310388
16.500000	0.024030	0.235734
16.520000	0.016420	0.161080
16.540000	0.009820	0.096334
16.560000	0.003220	0.031588
16.580000	-0.003390	-0.033256
16.600000	0.022020	0.216016
16.620000	-0.019410	-0.190412
16.640000	-0.060850	-0.596939
16.660000	-0.102280	-1.003367
16.680000	-0.078470	-0.769791
16.700000	-0.054660	-0.536215
16.720000	-0.030840	-0.302540
16.740000	-0.007030	-0.068964
16.760000	0.016780	0.164612
16.780000	0.019460	0.190903
16.800000	0.022140	0.217193
16.820000	0.024830	0.243582
16.840000	0.018090	0.177463
16.860000	-0.002020	-0.019816
16.880000	-0.022130	-0.217095
16.900000	-0.002780	-0.027272
16.920000	0.016560	0.162454
16.940000	0.035900	0.352179
16.960000	0.055250	0.542003
16.980000	0.074590	0.731728
17.000000	0.062030	0.608514
17.020000	0.049480	0.485399
17.040000	0.036920	0.362185
17.060000	-0.001450	-0.014224
17.080000	0.045990	0.451162
17.100000	0.040790	0.400150
17.120000	0.035580	0.349040
17.140000	0.030370	0.297930
17.160000	0.036260	0.355711
17.180000	0.042150	0.413492
17.200000	0.048030	0.471174
17.220000	0.053920	0.528955
17.240000	0.049470	0.485301
17.260000	0.045020	0.441646
17.280000	0.040560	0.397894
17.300000	0.036110	0.354239
17.320000	0.031660	0.310585
17.340000	0.006140	0.060233
17.360000	-0.019370	-0.190020
17.380000	-0.044890	-0.440371
17.400000	-0.070400	-0.690624
17.420000	-0.095920	-0.940975
17.440000	-0.077450	-0.759785
17.460000	-0.058990	-0.578692
17.480000	-0.040520	-0.397501
17.500000	-0.022060	-0.216409
17.520000	-0.003590	-0.035218
17.540000	0.014870	0.145875
17.560000	0.010050	0.098590
17.580000	0.005230	0.051306
17.600000	0.000410	0.004022
17.620000	-0.004410	-0.043262
17.640000	-0.009230	-0.090546
17.660000	-0.011890	-0.116641
17.680000	-0.015230	-0.149406
17.700000	-0.018560	-0.182074
17.720000	-0.021900	-0.214839
17.740000	-0.009830	-0.096432
17.760000	0.002240	0.021974
17.780000	0.014310	0.140381
17.800000	0.003350	0.032864
17.820000	-0.007600	-0.074556
17.840000	-0.018560	-0.182074
17.860000	-0.007370	-0.072300
17.880000	0.003830	0.037572
17.900000	0.015020	0.147346
17.920000	0.026220	0.257218
17.940000	0.010160	0.099670
17.960000	-0.005900	-0.057879
17.980000	-0.021960	-0.215428
18.000000	-0.001210	-0.011870
18.020000	0.019530	0.191589
18.040000	0.040270	0.395049
18.060000	0.028260	0.277231
18.080000	0.016250	0.159413
18.100000	0.004240	0.041594
18.120000	0.001960	0.019228
18.140000	-0.000310	-0.003041
18.160000	-0.002580	-0.025310
18.180000	-0.004860	-0.047677
18.200000	-0.007130	-0.069945
18.220000	-0.009410	-0.092312
18.240000	-0.011680	-0.114581
18.260000	-0.013960	-0.136948
18.280000	-0.017500	-0.171675
18.300000	-0.021040	-0.206402
18.320000	-0.024580	-0.241130
18.340000	-0.028130	-0.275955
18.360000	-0.031670	-0.310683
18.380000	-0.035210	-0.345410
18.400000	-0.042050	-0.412511
18.420000	-0.048890	-0.479611
18.440000	-0.035590	-0.349138
18.460000	-0.022290	-0.218665
18.480000	-0.008990	-0.088192
18.500000	0.004310	0.042281
18.520000	0.017620	0.172852
18.540000	0.007140	0.070043
18.560000	-0.003340	-0.032765
18.580000	-0.013830	-0.135672
18.600000	0.013140	0.128903
18.620000	0.040110	0.393479
18.640000	0.067080	0.658055
18.660000	0.048200	0.472842
18.680000	0.029320	0.287629
18.700000	0.010430	0.102318
18.720000	-0.008450	-0.082894
18.740000	-0.027330	-0.268107
18.760000	-0.046210	-0.453320
18.780000	-0.031550	-0.309506
18.800000	-0.016880	-0.165593
18.820000	-0.002220	-0.021778
18.840000	0.012440	0.122036
18.860000	0.026830	0.263202
18.880000	0.041210	0.404270
18.900000	0.055590	0.545338
18.920000	0.032530	0.319119
18.940000	0.009460	0.092803
18.960000	-0.013600	-0.133416
18.980000	-0.014320	-0.140479
19.000000	-0.015040	-0.147542
19.020000	-0.015760	-0.154606
19.040000	-0.042090	-0.412903
19.060000	-0.026850	-0.263398
19.080000	-0.011610	-0.113894
19.100000	0.003630	0.035610
19.120000	0.018870	0.185115
19.140000	0.034110	0.334619
19.160000	0.031150	0.305582
19.180000	0.028190	0.276544
19.200000	0.029170	0.286158
19.220000	0.030150	0.295772
19.240000	0.031130	0.305385
19.260000	0.003880	0.038063
19.280000	-0.023370	-0.229260
19.300000	-0.050620	-0.496582
19.320000	-0.038200	-0.374742
19.340000	-0.025790	-0.253000
19.360000	-0.013370	-0.131160
19.380000	-0.000950	-0.009319
19.400000	0.011460	0.112423
19.420000	0.023880	0.234263
19.440000	0.036290	0.356005
19.460000	0.010470	0.102711
19.480000	-0.015350	-0.150584
19.500000	-0.041170	-0.403878
19.520000	-0.066990	-0.657172
19.540000	-0.052070	-0.510807
19.560000	-0.037150	-0.364442
19.580000	-0.022220	-0.217978
19.600000	-0.007300	-0.071613
19.620000	0.007620	0.074752
19.640000	0.022540	0.221117
19.660000	0.037470	0.367581
19.680000	0.040010	0.392498
19.700000	0.042560	0.417514
19.720000	0.045070	0.442137
19.740000	0.047590	0.466858
19.760000	0.050100	0.491481
19.780000	0.045450	0.445864
19.800000	0.040800	0.400248
19.820000	0.028760	0.282136
19.840000	0.016710	0.163925
19.860000	0.004670	0.045813
19.880000	-0.007380	-0.072398
19.900000	-0.001160	-0.011380
19.920000	0.005060	0.049639
19.940000	0.011280	0.110657
19.960000	0.017500	0.171675
19.980000	-0.002110	-0.020699
20.000000	-0.021730	-0.213171
20.020000	-0.041350	-0.405643
20.040000	-0.060960	-0.598018
20.060000	-0.080580	-0.790490
20.080000	-0.069950	-0.686210
20.100000	-0.059310	-0.581831
20.120000	-0.048680	-0.477551
20.140000	-0.038050	-0.373271
20.160000	-0.025570	-0.250842
20.180000	-0.013100	-0.128511
20.200000	-0.000630	-0.006180
20.220000	0.011850	0.116249
20.240000	0.024320	0.238579
20.260000	0.036800	0.361008
20.280000	0.049270	0.483339
20.300000	0.029740	0.291749
20.320000	0.010210	0.100160
20.340000	-0.009320	-0.091429
20.360000	-0.028840	-0.282920
20.380000	-0.048370	-0.474510
20.400000	-0.067900	-0.666099
20.420000	-0.048620	-0.476962
20.440000	-0.029340	-0.287825
20.460000	-0.010060	-0.098689
20.480000	0.009220	0.090448
20.500000	0.028510	0.279683
20.520000	0.047790	0.468820
20.540000	0.024560	0.240934
20.560000	0.001330	0.013047
20.580000	-0.021900	-0.214839
20.600000	-0.045130	-0.442725
20.620000	-0.068360	-0.670612
20.640000	-0.049780	-0.488342
20.660000	-0.031200	-0.306072
20.680000	-0.012620	-0.123802
20.700000	0.005960	0.058468
20.720000	0.024530	0.240639
20.740000	0.043110	0.422909
20.760000	0.061690	0.605179
20.780000	0.080270	0.787449
20.800000	0.098850	0.969719
20.820000	0.064520	0.632941
20.840000	0.030190	0.296164
20.860000	-0.004140	-0.040613
20.880000	-0.038480	-0.377489
20.900000	-0.072810	-0.714266
20.920000	-0.059990	-0.588502
20.940000	-0.047170	-0.462738
20.960000	-0.034350	-0.336973
20.980000	-0.032310	-0.316961
21.000000	-0.030280	-0.297047
21.020000	-0.028240	-0.277034
21.040000	-0.003960	-0.038848
21.060000	0.020320	0.199339
21.080000	0.003130	0.030705
21.100000	-0.014060	-0.137929
21.120000	-0.031240	-0.306464
21.140000	-0.048430	-0.475098
21.160000	-0.065620	-0.643732
21.180000	-0.051320	-0.503449
21.200000	-0.037020	-0.363166
21.220000	-0.022720	-0.222883
21.240000	-0.008430	-0.082698
21.260000	0.005870	0.057585
21.280000	0.020170	0.197868
21.300000	0.026980	0.264674
21.320000	0.033790	0.331480
21.340000	0.040610	0.398384
21.360000	0.047420	0.465190
21.380000	0.054230	0.531996
21.400000	0.035350	0.346784
21.420000	0.016470	0.161571
21.440000	0.016220	0.159118
21.460000	0.015980	0.156764
21.480000	0.015740	0.154409
21.500000	0.007470	0.073281
21.520000	-0.000800	-0.007848
21.540000	-0.009070	-0.088977
21.560000	0.000720	0.007063
21.580000	0.010510	0.103103
21.600000	0.020300	0.199143
21.620000	0.030090	0.295183
21.640000	0.039890	0.391321
21.660000	0.034780	0.341192
21.680000	0.029670	0.291063
21.700000	0.024570	0.241032
21.720000	0.030750	0.301658
21.740000	0.036940	0.362381
21.760000	0.043130	0.423105
21.780000	0.049310	0.483731
21.800000	0.055500	0.544455
21.820000	0.061680	0.605081
21.840000	-0.005260	-0.051601
21.860000	-0.072200	-0.708282
21.880000	-0.063360	-0.621562
21.900000	-0.054510	-0.534743
21.920000	-0.045660	-0.447925
21.940000	-0.036810	-0.361106
21.960000	-0.036780	-0.360812
21.980000	-0.036750	-0.360517
22.000000	-0.036720	-0.360223
22.020000	-0.017650	-0.173147
22.040000	0.001430	0.014028
22.060000	0.020510	0.201203
22.080000	0.039580	0.388280
22.100000	0.058660	0.575455
22.120000	0.035560	0.348844
22.140000	0.012450	0.122134
22.160000	-0.010660	-0.104575
22.180000	-0.033760	-0.331186
22.200000	-0.056870	-0.557895
22.220000	-0.045020	-0.441646
22.240000	-0.033170	-0.325398
22.260000	-0.021310	-0.209051
22.280000	-0.009460	-0.092803
22.300000	0.002390	0.023446
22.320000	-0.002080	-0.020405
22.340000	-0.006540	-0.064157
22.360000	-0.011010	-0.108008
22.380000	-0.015480	-0.151859
22.400000	-0.012000	-0.117720
22.420000	-0.008510	-0.083483
22.440000	-0.005030	-0.049344
22.460000	-0.001540	-0.015107
22.480000	0.001950	0.019130
22.500000	0.000510	0.005003
22.520000	-0.000920	-0.009025
22.540000	0.011350	0.111344
22.560000	0.023630	0.231810
22.580000	0.035900	0.352179
22.600000	0.048180	0.472646
22.620000	0.060450	0.593014
22.640000	0.072730	0.713481
22.660000	0.028470	0.279291
22.680000	-0.015790	-0.154900
22.700000	-0.060040	-0.588992
22.720000	-0.050690	-0.497269
22.740000	-0.041340	-0.405545
22.760000	-0.031990	-0.313822
22.780000	-0.031350	-0.307544
22.800000	-0.030710	-0.301265
22.820000	-0.030070	-0.294987
22.840000	-0.018630	-0.182760
22.860000	-0.007190	-0.070534
22.880000	0.004250	0.041693
22.900000	0.015700	0.154017
22.920000	0.027140	0.266243
22.940000	0.038580	0.378470
22.960000	0.029750	0.291847
22.980000	0.020920	0.205225
23.000000	0.023340	0.228965
23.020000	0.025760	0.252706
23.040000	0.028190	0.276544
23.060000	0.030610	0.300284
23.080000	0.033040	0.324122
23.100000	0.013710	0.134495
23.120000	-0.005610	-0.055034
23.140000	-0.024940	-0.244661
23.160000	-0.022080	-0.216605
23.180000	-0.019230	-0.188646
23.200000	-0.016380	-0.160688
23.220000	-0.013530	-0.132729
23.240000	-0.012610	-0.123704
23.260000	-0.011700	-0.114777
23.280000	-0.001690	-0.016579
23.300000	0.008330	0.081717
23.320000	0.018340	0.179915
23.340000	0.028350	0.278114
23.360000	0.038360	0.376312
23.380000	0.048380	0.474608
23.400000	0.037490	0.367777
23.420000	0.026600	0.260946
23.440000	0.015710	0.154115
23.460000	0.004820	0.047284
23.480000	-0.006070	-0.059547
23.500000	-0.016960	-0.166378
23.520000	-0.007800	-0.076518
23.540000	0.001360	0.013342
23.560000	0.010520	0.103201
23.580000	0.019680	0.193061
23.600000	0.028840	0.282920
23.620000	-0.005040	-0.049442
23.640000	-0.038930	-0.381903
23.660000	-0.023420	-0.229750
23.680000	-0.007910	-0.077597
23.700000	0.007590	0.074458
23.720000	0.023100	0.226611
23.740000	0.007070	0.069357
23.760000	-0.008950	-0.087800
23.780000	-0.024980	-0.245054
23.800000	-0.041000	-0.402210
23.820000	-0.057030	-0.559464
23.840000	-0.029200	-0.286452
23.860000	-0.001370	-0.013440
23.880000	0.026450	0.259475
23.900000	0.054280	0.532487
23.920000	0.035870	0.351885
23.940000	0.017460	0.171283
23.960000	-0.000960	-0.009418
23.980000	-0.019370	-0.190020
24.000000	-0.037780	-0.370622
24.020000	-0.022810	-0.223766
24.040000	-0.007840	-0.076910
24.060000	0.007130	0.069945
24.080000	0.022100	0.216801
24.100000	0.037070	0.363657
24.120000	0.052040	0.510512
24.140000	0.067010	0.657368
24.160000	0.081980	0.804224
24.180000	0.030850	0.302639
24.200000	-0.020270	-0.198849
24.220000	-0.071400	-0.700434
24.240000	-0.122530	-1.202019
24.260000	-0.086440	-0.847976
24.280000	-0.050350	-0.493934
24.300000	-0.014260	-0.139891
24.320000	0.021830	0.214152
24.340000	0.057920	0.568195
24.360000	0.094000	0.922140
24.380000	0.130090	1.276183
24.400000	0.036110	0.354239
24.420000	-0.057870	-0.567705
24.440000	-0.048020	-0.471076
24.460000	-0.038170	-0.374448
24.480000	-0.028320	-0.277819
24.500000	-0.018460	-0.181093
24.520000	-0.008610	-0.084464
24.540000	-0.036520	-0.358261
24.560000	-0.064440	-0.632156
24.580000	-0.061690	-0.605179
24.600000	-0.058940	-0.578201
24.620000	-0.056180	-0.551126
24.640000	-0.060730	-0.595761
24.660000	-0.065280	-0.640397
24.680000	-0.046280	-0.454007
24.700000	-0.027280	-0.267617
24.720000	-0.008290	-0.081325
24.740000	0.010710	0.105065
24.760000	0.029700	0.291357
24.780000	0.031380	0.307838
24.800000	0.033060	0.324319
24.820000	0.034740	0.340799
24.840000	0.036420	0.357280
24.860000	0.045740	0.448709
24.880000	0.055060	0.540139
24.900000	0.064390	0.631666
24.920000	0.073710	0.723095
24.940000	0.083030	0.814524
24.960000	0.036050	0.353650
24.980000	-0.010920	-0.107125
25.000000	-0.057900	-0.567999
25.020000	-0.046960	-0.460678
25.040000	-0.036020	-0.353356
25.060000	-0.025080	-0.246035
25.080000	-0.014140	-0.138713
25.100000	-0.035610	-0.349334
25.120000	-0.057080	-0.559955
25.140000	-0.078550	-0.770575
25.160000	-0.063040	-0.618422
25.180000	-0.047530	-0.466269
25.200000	-0.032030	-0.314214
25.220000	-0.016520	-0.162061
25.240000	-0.001020	-0.010006
25.260000	0.009220	0.090448
25.280000	0.019460	0.190903
25.300000	0.029700	0.291357
25.320000	0.039930	0.391713
25.340000	0.050170	0.492168
25.360000	0.060410	0.592622
25.380000	0.070650	0.693077
25.400000	0.080890	0.793531
25.420000	-0.001920	-0.018835
25.440000	-0.084730	-0.831201
25.460000	-0.070320	-0.689839
25.480000	-0.055900	-0.548379
25.500000	-0.041480	-0.406919
25.520000	-0.052960	-0.519538
25.540000	-0.064430	-0.632058
25.560000	-0.075900	-0.744579
25.580000	-0.087380	-0.857198
25.600000	-0.098850	-0.969719
25.620000	-0.067980	-0.666884
25.640000	-0.037100	-0.363951
25.660000	-0.006230	-0.061116
25.680000	0.024650	0.241816
25.700000	0.055530	0.544749
25.720000	0.086400	0.847584
25.740000	0.117280	1.150517
25.760000	0.148150	1.453352
25.780000	0.087150	0.854942
25.800000	0.026150	0.256532
25.820000	-0.034850	-0.341879
25.840000	-0.095840	-0.940190
25.860000	-0.071000	-0.696510
25.880000	-0.046160	-0.452830
25.900000	-0.021320	-0.209149
25.920000	0.003530	0.034629
25.940000	0.028370	0.278310
25.960000	0.053210	0.521990
25.980000	-0.004690	-0.046009
26.000000	-0.062580	-0.613910
26.020000	-0.120480	-1.181909
26.040000	-0.099600	-0.977076
26.060000	-0.078720	-0.772243
26.080000	-0.057840	-0.567410
26.100000	-0.036960	-0.362578
26.120000	-0.016080	-0.157745
26.140000	0.004800	0.047088
26.160000	0.025680	0.251921
26.180000	0.046560	0.456754
26.200000	0.067440	0.661586
26.220000	0.088320	0.866419
26.240000	0.109200	1.071252
26.260000	0.130080	1.276085
26.280000	0.109950	1.078610
26.300000	0.089820	0.881134
26.320000	0.069690	0.683659
26.340000	0.049550	0.486086
26.360000	0.040060	0.392989
26.380000	0.030560	0.299794
26.400000	0.021070	0.206697
26.420000	0.011580	0.113600
26.440000	0.007800	0.076518
26.460000	0.004020	0.039436
26.480000	0.000240	0.002354
26.500000	-0.003540	-0.034727
26.520000	-0.007320	-0.071809
26.540000	-0.011100	-0.108891
26.560000	-0.007800	-0.076518
26.580000	-0.004500	-0.044145
26.600000	-0.001200	-0.011772
26.620000	0.002100	0.020601
26.640000	0.005400	0.052974
26.660000	-0.008310	-0.081521
26.680000	-0.022030	-0.216114
26.700000	-0.035750	-0.350708
26.720000	-0.049470	-0.485301
26.740000	-0.063190	-0.619894
26.760000	-0.050460	-0.495013
26.780000	-0.037730	-0.370131
26.800000	-0.025000	-0.245250
26.820000	-0.012270	-0.120369
26.840000	0.000460	0.004513
26.860000	0.004820	0.047284
26.880000	0.009190	0.090154
26.900000	0.013550	0.132926
26.920000	0.017910	0.175697
26.940000	0.022280	0.218567
26.960000	0.008830	0.086622
26.980000	-0.004620	-0.045322
27.000000	-0.018070	-0.177267
27.020000	-0.031520	-0.309211
27.040000	-0.022760	-0.223276
27.060000	-0.014010	-0.137438
27.080000	-0.005260	-0.051601
27.100000	0.003500	0.034335
27.120000	0.012250	0.120173
27.140000	0.021010	0.206108
27.160000	0.014370	0.140970
27.180000	0.007730	0.075831
27.200000	0.001100	0.010791
27.220000	0.008230	0.080736
27.240000	0.015370	0.150780
27.260000	0.022510	0.220823
27.280000	0.017130	0.168045
27.300000	0.011750	0.115268
27.320000	0.006370	0.062490
27.340000	0.013760	0.134986
27.360000	0.021140	0.207383
27.380000	0.028520	0.279781
27.400000	0.035910	0.352277
27.420000	0.043290	0.424675
27.440000	0.034580	0.339230
27.460000	0.025870	0.253785
27.480000	0.017150	0.168241
27.500000	0.008440	0.082796
27.520000	-0.000270	-0.002649
27.540000	-0.008980	-0.088094
27.560000	-0.001260	-0.012361
27.580000	0.006450	0.063274
27.600000	0.014170	0.139008
27.620000	0.020390	0.200026
27.640000	0.026610	0.261044
27.660000	0.032830	0.322062
27.680000	0.039050	0.383081
27.700000	0.045270	0.444099
27.720000	0.036390	0.356986
27.740000	0.027500	0.269775
27.760000	0.018620	0.182662
27.780000	0.009740	0.095549
27.800000	0.000860	0.008437
27.820000	-0.013330	-0.130767
27.840000	-0.027520	-0.269971
27.860000	-0.041710	-0.409175
27.880000	-0.028120	-0.275857
27.900000	-0.014530	-0.142539
27.920000	-0.000940	-0.009221
27.940000	0.012640	0.123998
27.960000	0.026230	0.257316
27.980000	0.016900	0.165789
28.000000	0.007560	0.074164
28.020000	-0.001770	-0.017364
28.040000	-0.011110	-0.108989
28.060000	-0.020440	-0.200516
28.080000	-0.029770	-0.292044
28.100000	-0.039110	-0.383669
28.120000	-0.024420	-0.239560
28.140000	-0.009730	-0.095451
28.160000	0.004960	0.048658
28.180000	0.019650	0.192767
28.200000	0.034340	0.336875
28.220000	0.020540	0.201497
28.240000	0.006740	0.066119
28.260000	-0.007060	-0.069259
28.280000	-0.020860	-0.204637
28.300000	-0.034660	-0.340015
28.320000	-0.026630	-0.261240
28.340000	-0.018600	-0.182466
28.360000	-0.010570	-0.103692
28.380000	-0.002540	-0.024917
28.400000	-0.000630	-0.006180
28.420000	0.001280	0.012557
28.440000	0.003190	0.031294
28.460000	0.005100	0.050031
28.480000	0.009990	0.098002
28.500000	0.014880	0.145973
28.520000	0.007910	0.077597
28.540000	0.000930	0.009123
28.560000	-0.006050	-0.059351
28.580000	0.003420	0.033550
28.600000	0.012880	0.126353
28.620000	0.022350	0.219253
28.640000	0.031810	0.312056
28.660000	0.041280	0.404957
28.680000	0.027070	0.265557
28.700000	0.012870	0.126255
28.720000	-0.001340	-0.013145
28.740000	-0.015540	-0.152447
28.760000	-0.029750	-0.291847
28.780000	-0.043950	-0.431150
28.800000	-0.036120	-0.354337
28.820000	-0.028280	-0.277427
28.840000	-0.020440	-0.200516
28.860000	-0.012600	-0.123606
28.880000	-0.004760	-0.046696
28.900000	0.003070	0.030117
28.920000	0.010910	0.107027
28.940000	0.009840	0.096530
28.960000	0.008760	0.085936
28.980000	0.007680	0.075341
29.000000	0.006610	0.064844
29.020000	0.012340	0.121055
29.040000	0.018070	0.177267
29.060000	0.023800	0.233478
29.080000	0.029530	0.289689
29.100000	0.035260	0.345901
29.120000	0.027840	0.273110
29.140000	0.020420	0.200320
29.160000	0.013000	0.127530
29.180000	-0.034150	-0.335012
29.200000	-0.006280	-0.061607
29.220000	-0.006210	-0.060920
29.240000	-0.006150	-0.060332
29.260000	-0.006090	-0.059743
29.280000	-0.006020	-0.059056
29.300000	-0.005960	-0.058468
29.320000	-0.005900	-0.057879
29.340000	-0.005830	-0.057192
29.360000	-0.005770	-0.056604
29.380000	-0.005710	-0.056015
29.400000	-0.005640	-0.055328
29.420000	-0.005580	-0.054740
29.440000	-0.005520	-0.054151
29.460000	-0.005450	-0.053465
29.480000	-0.005390	-0.052876
29.500000	-0.005320	-0.052189
29.520000	-0.005260	-0.051601
29.540000	-0.005200	-0.051012
29.560000	-0.005130	-0.050325
29.580000	-0.005070	-0.049737
29.600000	-0.005010	-0.049148
29.620000	-0.004940	-0.048461
29.640000	-0.004880	-0.047873
29.660000	-0.004820	-0.047284
29.680000	-0.004750	-0.046598
29.700000	-0.004690	-0.046009
29.720000	-0.004630	-0.045420
29.740000	-0.004560	-0.044734
29.760000	-0.004500	-0.044145
29.780000	-0.004440	-0.043556
29.800000	-0.004370	-0.042870
29.820000	-0.004310	-0.042281
29.840000	-0.004250	-0.041693
29.860000	-0.004180	-0.041006
29.880000	-0.004120	-0.040417
29.900000	-0.004060	-0.039829
29.920000	-0.003990	-0.039142
29.940000	-0.003930	-0.038553
29.960000	-0.003870	-0.037965
29.980000	-0.003800	-0.037278
30.000000	-0.003740	-0.036689
30.020000	-0.003680	-0.036101
30.040000	-0.003610	-0.035414
30.060000	-0.003550	-0.034826
30.080000	-0.003490	-0.034237
30.100000	-0.003420	-0.033550
30.120000	-0.003360	-0.032962
30.140000	-0.003300	-0.032373
30.160000	-0.003230	-0.031686
30.180000	-0.003170	-0.031098
30.200000	-0.003110	-0.030509
30.220000	-0.003040	-0.029822
30.240000	-0.002980	-0.029234
30.260000	-0.002920	-0.028645
30.280000	-0.002850	-0.027959
30.300000	-0.002790	-0.027370
30.320000	-0.002730	-0.026781
30.340000	-0.002660	-0.026095
30.360000	-0.002600	-0.025506
30.380000	-0.002540	-0.024917
30.400000	-0.002470	-0.024231
30.420000	-0.002410	-0.023642
30.440000	-0.002350	-0.023054
30.460000	-0.002280	-0.022367
30.480000	-0.002220	-0.021778
30.500000	-0.002160	-0.021190
30.520000	-0.002090	-0.020503
30.540000	-0.002030	-0.019914
30.560000	-0.001970	-0.019326
30.580000	-0.001900	-0.018639
30.600000	-0.001840	-0.018050
30.620000	-0.001780	-0.017462
30.640000	-0.001710	-0.016775
30.660000	-0.001650	-0.016186
30.680000	-0.001580	-0.015500
30.700000	-0.001520	-0.014911
30.720000	-0.001460	-0.014323
30.740000	-0.001390	-0.013636
30.760000	-0.001330	-0.013047
30.780000	-0.001270	-0.012459
30.800000	-0.001200	-0.011772
30.820000	-0.001140	-0.011183
30.840000	-0.001080	-0.010595
30.860000	-0.001010	-0.009908
30.880000	-0.000950	-0.009319
30.900000	-0.000890	-0.008731
30.920000	-0.000820	-0.008044
30.940000	-0.000760	-0.007456
30.960000	-0.000700	-0.006867
30.980000	-0.000630	-0.006180
31.000000	-0.000570	-0.005592
31.020000	-0.000510	-0.005003
31.040000	-0.000440	-0.004316
31.060000	-0.000380	-0.003728
31.080000	-0.000320	-0.003139
31.100000	-0.000250	-0.002453
31.120000	-0.000190	-0.001864
31.140000	-0.000130	-0.001275
31.160000	-0.000060	-0.000589
31.180000	0.000000	0.000000
